MAHLERAN_FC/depos001.asc
ncols     22
nrows     62
xllcorner      0.00000000
yllcorner      0.00000000
cellsize      0.50000000
nodata_value -9999
0.0000E+00 0.0000E+00 0.0000E+00 0.0000E+00 0.0000E+00 0.0000E+00 0.0000E+00 0.0000E+00 0.0000E+00 0.0000E+00 0.0000E+00 0.0000E+00 0.0000E+00 0.0000E+00 0.0000E+00 0.0000E+00 0.0000E+00 0.0000E+00 0.0000E+00 0.0000E+00 0.0000E+00 0.0000E+00
0.0000E+00 0.9860E+00 0.8442E+00 0.9225E+00 0.1024E+01 0.6221E+00 0.9575E+00 0.1115E+01 0.6022E+00 0.9417E+00 0.5435E+00 0.6694E+00 0.1048E+01 0.9814E+00 0.1160E+01 0.1312E+01 0.1198E+01 0.1015E+01 0.8875E+00 0.6473E+00 0.1052E+01 0.0000E+00
0.0000E+00 0.1184E+01 0.1146E+01 0.9881E+00 0.9621E+00 0.9122E+00 0.7512E+00 0.1223E+01 0.6879E+00 0.1094E+01 0.8715E+00 0.8036E+00 0.1113E+01 0.1122E+01 0.1105E+01 0.1032E+01 0.1198E+01 0.1214E+01 0.1266E+01 0.7144E+00 0.6837E+00 0.0000E+00
0.0000E+00 0.1323E+01 0.1219E+01 0.1561E+01 0.7085E+00 0.1114E+01 0.9557E+00 0.9525E+00 0.2885E+00 0.9958E+00 0.5718E+00 0.2315E+00 0.9252E+00 0.6626E+00 0.7779E+00 0.6145E+00 0.1055E+01 0.4564E+00 0.4258E+00 0.8384E+00 0.6821E+00 0.0000E+00
0.0000E+00 0.1404E+01 0.1120E+01 0.1032E+01 0.2070E+00 0.1292E+01 0.3143E+00 0.6236E+00 0.7164E+00 0.8743E+00 0.8863E+00 0.8982E+00 0.9407E+00 0.9683E+00 0.1004E+01 0.8518E+00 0.8857E+00 0.6726E+00 0.6407E+00 0.6555E+00 0.7074E+00 0.0000E+00
0.0000E+00 0.1149E+01 0.1168E+01 0.9670E+00 0.8210E+00 0.8242E+00 0.2435E+00 0.5691E+00 0.9129E+00 0.9108E+00 0.6785E+00 0.3657E+00 0.9245E+00 0.9983E+00 0.7833E+00 0.2943E+00 0.7904E+00 0.6638E+00 0.1114E+01 0.1225E+01 0.1111E+01 0.0000E+00
0.0000E+00 0.8783E+00 0.1217E+01 0.1071E+01 0.9462E+00 0.9310E+00 0.8054E+00 0.9546E+00 0.1047E+01 0.8941E+00 0.9245E+00 0.6763E+00 0.9455E+00 0.8963E+00 0.9566E+00 0.3481E+00 0.3211E+00 0.4874E+00 0.9031E+00 0.9319E+00 0.5259E+00 0.0000E+00
0.0000E+00 0.8577E+00 0.1051E+01 0.4080E+00 0.4191E+00 0.6634E+00 0.1104E+01 0.9913E+00 0.1186E+01 0.9207E+00 0.3852E+00 0.1045E+01 0.8350E+00 0.8856E+00 0.9969E+00 0.3599E+00 0.3745E+00 0.4332E+00 0.8133E+00 0.3268E+00 0.2379E+00 0.0000E+00
0.0000E+00 0.1128E+01 0.8837E+00 0.2801E+00 0.1091E+01 0.1034E+01 0.1139E+01 0.3989E+00 0.8508E+00 0.5809E+00 0.4199E+00 0.6659E+00 0.8914E+00 0.1123E+01 0.1010E+01 0.5439E+00 0.2573E+00 0.7305E+00 0.7219E+00 0.9374E+00 0.1119E+01 0.0000E+00
0.0000E+00 0.1151E+01 0.1035E+01 0.1024E+01 0.1051E+01 0.7150E+00 0.5311E+00 0.6635E+00 0.7490E+00 0.1175E+01 0.9739E+00 0.4626E+00 0.8013E+00 0.4064E+00 0.6148E+00 0.8021E+00 0.8420E+00 0.8008E+00 0.8583E+00 0.5539E+00 0.1283E+01 0.0000E+00
0.0000E+00 0.5984E+00 0.8307E+00 0.1029E+01 0.9551E+00 0.7771E+00 0.8307E+00 0.8956E+00 0.6767E+00 0.8197E+00 0.1009E+01 0.8212E+00 0.9062E+00 0.6609E+00 0.7374E+00 0.7163E+00 0.6733E+00 0.4945E+00 0.6874E+00 0.3872E+00 0.6793E+00 0.0000E+00
0.0000E+00 0.9666E+00 0.8650E+00 0.9887E+00 0.7967E+00 0.7058E+00 0.7306E+00 0.8227E+00 0.4779E+00 0.9005E+00 0.9114E+00 0.6224E+00 0.6900E+00 0.2908E+00 0.1085E+01 0.9153E+00 0.8798E+00 0.6252E+00 0.9821E+00 0.5709E+00 0.9571E+00 0.0000E+00
0.0000E+00 0.7168E+00 0.8240E+00 0.1014E+01 0.9526E+00 0.9108E+00 0.8450E+00 0.7635E+00 0.9362E+00 0.3437E+00 0.9136E+00 0.6275E+00 0.5121E+00 0.3594E+00 0.8496E+00 0.9626E+00 0.8846E+00 0.6919E+00 0.8507E+00 0.4986E+00 0.7803E+00 0.0000E+00
0.0000E+00 0.8614E+00 0.7980E+00 0.1037E+01 0.1092E+01 0.1267E+01 0.1095E+01 0.9108E+00 0.9874E+00 0.5733E+00 0.9576E+00 0.7244E+00 0.3387E+00 0.3522E+00 0.6243E+00 0.9664E+00 0.6319E+00 0.3757E+00 0.8676E+00 0.6089E+00 0.6658E+00 0.0000E+00
0.0000E+00 0.6887E+00 0.9074E+00 0.9357E+00 0.8768E+00 0.8487E+00 0.1307E+01 0.1192E+01 0.7180E+00 0.7286E+00 0.9792E+00 0.1385E+01 0.9087E+00 0.1278E+01 0.1373E+01 0.1034E+01 0.7128E+00 0.5803E+00 0.8310E+00 0.4171E+00 0.4838E+00 0.0000E+00
0.0000E+00 0.9848E+00 0.9088E+00 0.9670E+00 0.8872E+00 0.1075E+01 0.5536E+00 0.4003E+00 0.7000E+00 0.7353E+00 0.7504E+00 0.5074E+00 0.4205E+00 0.1526E+01 0.1379E+01 0.8342E+00 0.3649E+00 0.5355E+00 0.8533E+00 0.9696E+00 0.5606E+00 0.0000E+00
0.0000E+00 0.9003E+00 0.9032E+00 0.9906E+00 0.9507E+00 0.1001E+01 0.4010E+00 0.9011E+00 0.8288E+00 0.9531E+00 0.7386E+00 0.7315E+00 0.6050E+00 0.6647E+00 0.8331E+00 0.8963E+00 0.8331E+00 0.5996E+00 0.7968E+00 0.7538E+00 0.3981E+00 0.0000E+00
0.0000E+00 0.3042E+00 0.6993E+00 0.8590E+00 0.7645E+00 0.9426E+00 0.7691E+00 0.7640E+00 0.6564E+00 0.8306E+00 0.1039E+01 0.1072E+01 0.1251E+01 0.1072E+01 0.1028E+01 0.1050E+01 0.1053E+01 0.5689E+00 0.7220E+00 0.8196E+00 0.1120E+01 0.0000E+00
0.0000E+00 0.7654E+00 0.1140E+01 0.9534E+00 0.7117E+00 0.1168E+01 0.1183E+01 0.1007E+01 0.6882E+00 0.7782E+00 0.1098E+01 0.1575E+01 0.1579E+01 0.3697E+00 0.3348E+00 0.9128E+00 0.7811E+00 0.6047E+00 0.6410E+00 0.6035E+00 0.6979E+00 0.0000E+00
0.0000E+00 0.1054E+01 0.1218E+01 0.8049E+00 0.6785E+00 0.7597E+00 0.3210E+00 0.4294E+00 0.8035E+00 0.8640E+00 0.1078E+01 0.7118E+00 0.1419E+01 0.4624E+00 0.3818E+00 0.4016E+00 0.7787E+00 0.5298E+00 0.4615E+00 0.7106E+00 0.7557E+00 0.0000E+00
0.0000E+00 0.7827E+00 0.9695E+00 0.8189E+00 0.5861E+00 0.5708E+00 0.5164E+00 0.5489E+00 0.6494E+00 0.7740E+00 0.8358E+00 0.1385E+01 0.5743E+00 0.4551E+00 0.6193E+00 0.3095E+00 0.7485E+00 0.3299E+00 0.3969E+00 0.7974E+00 0.8256E+00 0.0000E+00
0.0000E+00 0.8975E+00 0.5181E+00 0.8669E+00 0.7660E+00 0.5452E+00 0.2645E+00 0.7686E+00 0.5974E+00 0.7585E+00 0.7834E+00 0.1003E+01 0.3834E+00 0.3566E+00 0.1083E+01 0.3021E+00 0.7430E+00 0.1141E+01 0.2826E+00 0.8148E+00 0.7528E+00 0.0000E+00
0.0000E+00 0.8482E+00 0.8455E+00 0.1024E+01 0.1331E+01 0.4861E+00 0.8859E+00 0.9178E+00 0.7548E+00 0.6418E+00 0.6841E+00 0.9403E+00 0.6880E+00 0.7309E+00 0.1005E+01 0.7637E+00 0.6884E+00 0.5293E+00 0.3727E+00 0.8368E+00 0.8613E+00 0.0000E+00
0.0000E+00 0.8026E+00 0.8780E+00 0.9097E+00 0.5105E+00 0.4421E+00 0.1412E+01 0.3952E+00 0.2946E+00 0.5548E+00 0.6313E+00 0.8584E+00 0.8184E+00 0.8068E+00 0.1152E+01 0.4163E+00 0.6985E+00 0.1000E+01 0.9382E+00 0.9713E+00 0.1041E+01 0.0000E+00
0.0000E+00 0.9013E+00 0.7663E+00 0.6932E+00 0.3034E+00 0.4409E+00 0.5135E+00 0.3846E+00 0.7187E+00 0.4139E+00 0.5326E+00 0.6544E+00 0.7785E+00 0.7599E+00 0.1075E+01 0.6902E+00 0.7136E+00 0.8894E+00 0.9675E+00 0.5583E+00 0.6842E+00 0.0000E+00
0.0000E+00 0.4070E+00 0.8106E+00 0.6243E+00 0.6420E+00 0.5035E+00 0.6550E+00 0.7514E+00 0.7655E+00 0.4440E+00 0.9091E+00 0.3302E+00 0.5717E+00 0.6782E+00 0.1046E+01 0.6932E+00 0.4938E+00 0.1031E+01 0.7039E+00 0.6513E+00 0.7300E+00 0.0000E+00
0.0000E+00 0.6350E+00 0.6412E+00 0.9717E+00 0.1271E+01 0.9222E+00 0.6783E+00 0.1021E+01 0.1182E+01 0.5696E+00 0.1359E+01 0.1139E+01 0.4373E+00 0.5160E+00 0.8556E+00 0.6744E+00 0.4792E+00 0.1160E+01 0.1060E+01 0.1056E+01 0.9744E+00 0.0000E+00
0.0000E+00 0.7843E+00 0.3775E+00 0.7997E+00 0.1278E+01 0.1234E+01 0.7076E+00 0.4992E+00 0.6115E+00 0.5143E+00 0.9355E+00 0.1185E+01 0.1454E+01 0.1514E+01 0.8813E+00 0.8420E+00 0.5575E+00 0.9980E+00 0.8267E+00 0.7872E+00 0.6777E+00 0.0000E+00
0.0000E+00 0.9797E+00 0.9255E+00 0.8390E+00 0.1152E+01 0.7175E+00 0.4260E+00 0.7549E+00 0.7114E+00 0.3351E+00 0.8636E+00 0.1130E+01 0.7347E+00 0.8329E+00 0.7366E+00 0.8107E+00 0.5886E+00 0.1099E+01 0.9362E+00 0.4799E+00 0.8683E+00 0.0000E+00
0.0000E+00 0.7043E+00 0.5221E+00 0.7253E+00 0.1172E+01 0.7530E+00 0.1198E+01 0.4658E+00 0.5625E+00 0.3338E+00 0.7387E+00 0.1082E+01 0.5365E+00 0.4437E+00 0.7631E+00 0.6207E+00 0.4500E+00 0.1007E+01 0.8228E+00 0.4136E+00 0.5035E+00 0.0000E+00
0.0000E+00 0.8341E+00 0.6276E+00 0.7425E+00 0.6584E+00 0.9115E+00 0.1276E+01 0.6030E+00 0.8166E+00 0.1537E+01 0.4104E+00 0.6823E+00 0.8333E+00 0.3537E+00 0.6213E+00 0.6894E+00 0.4235E+00 0.8529E+00 0.5387E+00 0.6073E+00 0.5488E+00 0.0000E+00
0.0000E+00 0.8226E+00 0.7554E+00 0.5255E+00 0.9035E+00 0.7239E+00 0.5662E+00 0.3790E+00 0.7682E+00 0.9725E+00 0.3283E+00 0.9462E+00 0.9348E+00 0.4367E+00 0.5787E+00 0.7807E+00 0.4152E+00 0.8078E+00 0.6667E+00 0.1430E+01 0.8182E+00 0.0000E+00
0.0000E+00 0.8818E+00 0.8477E+00 0.4578E+00 0.7420E+00 0.6725E+00 0.1496E+01 0.9094E+00 0.6207E+00 0.6840E+00 0.5734E+00 0.1383E+01 0.1019E+01 0.5495E+00 0.9123E+00 0.3747E+00 0.4334E+00 0.8166E+00 0.7807E+00 0.1160E+01 0.8368E+00 0.0000E+00
0.0000E+00 0.9251E+00 0.4877E+00 0.3039E+00 0.7951E+00 0.5826E+00 0.5165E+00 0.7438E+00 0.9317E+00 0.6762E+00 0.4870E+00 0.5804E+00 0.6007E+00 0.6911E+00 0.1330E+01 0.4192E+00 0.3014E+00 0.5873E+00 0.8693E+00 0.9333E+00 0.9126E+00 0.0000E+00
0.0000E+00 0.9258E+00 0.8878E+00 0.9688E+00 0.1059E+01 0.5556E+00 0.8944E+00 0.1282E+01 0.1349E+01 0.8536E+00 0.3874E+00 0.8810E+00 0.8887E+00 0.3425E+00 0.1204E+01 0.6866E+00 0.1125E+01 0.9875E+00 0.1136E+01 0.1026E+01 0.1075E+01 0.0000E+00
0.0000E+00 0.1000E+01 0.9635E+00 0.8782E+00 0.4844E+00 0.5200E+00 0.1030E+01 0.9887E+00 0.5993E+00 0.6774E+00 0.5135E+00 0.9618E+00 0.8398E+00 0.7306E+00 0.6646E+00 0.6105E+00 0.1493E+01 0.1183E+01 0.1445E+01 0.1368E+01 0.9978E+00 0.0000E+00
0.0000E+00 0.1002E+01 0.6495E+00 0.8057E+00 0.4034E+00 0.4487E+00 0.9241E+00 0.1046E+01 0.8026E+00 0.5779E+00 0.3660E+00 0.1190E+01 0.8214E+00 0.7178E+00 0.6184E+00 0.1146E+01 0.6780E+00 0.4825E+00 0.4288E+00 0.5041E+00 0.5728E+00 0.0000E+00
0.0000E+00 0.1229E+01 0.1047E+01 0.1010E+01 0.8554E+00 0.4688E+00 0.1012E+01 0.1127E+01 0.1122E+01 0.1241E+01 0.4675E+00 0.1035E+01 0.4558E+00 0.7249E+00 0.5606E+00 0.1410E+01 0.8678E+00 0.3921E+00 0.4016E+00 0.7834E+00 0.6650E+00 0.0000E+00
0.0000E+00 0.1268E+01 0.4744E+00 0.6408E+00 0.1273E+01 0.6630E+00 0.1291E+01 0.1261E+01 0.1057E+01 0.1110E+01 0.4728E+00 0.9983E+00 0.8095E+00 0.6604E+00 0.8204E+00 0.1177E+01 0.7374E+00 0.8803E+00 0.5229E+00 0.5501E+00 0.6235E+00 0.0000E+00
0.0000E+00 0.9780E+00 0.3550E+00 0.3972E+00 0.9664E+00 0.3809E+00 0.1008E+01 0.7753E+00 0.7847E+00 0.4700E+00 0.2978E+00 0.1252E+01 0.3279E+00 0.1181E+01 0.6347E+00 0.6798E+00 0.8596E+00 0.6910E+00 0.6138E+00 0.5527E+00 0.4248E+00 0.0000E+00
0.0000E+00 0.7927E+00 0.2549E+00 0.8850E+00 0.8757E+00 0.7022E+00 0.7789E+00 0.7804E+00 0.1138E+01 0.9293E+00 0.2740E+00 0.7327E+00 0.3299E+00 0.5287E+00 0.4935E+00 0.6423E+00 0.8298E+00 0.9064E+00 0.1228E+01 0.4387E+00 0.1510E+00 0.0000E+00
0.0000E+00 0.6522E+00 0.6241E+00 0.9651E+00 0.8358E+00 0.1383E+01 0.1488E+01 0.1009E+01 0.8997E+00 0.1142E+01 0.5019E+00 0.8215E+00 0.4569E+00 0.7356E+00 0.1132E+01 0.1166E+01 0.8053E+00 0.5144E+00 0.1383E+01 0.7854E+00 0.1089E+01 0.0000E+00
0.0000E+00 0.9526E+00 0.6859E+00 0.8578E+00 0.7152E+00 0.1469E+01 0.5979E+00 0.8159E+00 0.8840E+00 0.7372E+00 0.6288E+00 0.9762E+00 0.1068E+01 0.1196E+01 0.1182E+01 0.1708E+01 0.9799E+00 0.7911E+00 0.1136E+01 0.7961E+00 0.1678E+01 0.0000E+00
0.0000E+00 0.1351E+01 0.1141E+01 0.1027E+01 0.4900E+00 0.7655E+00 0.7910E+00 0.1470E+01 0.8965E+00 0.8250E+00 0.5584E+00 0.8472E+00 0.1037E+01 0.1188E+01 0.1049E+01 0.3077E+00 0.7734E+00 0.8267E+00 0.1245E+01 0.3942E+00 0.1219E+01 0.0000E+00
0.0000E+00 0.6615E+00 0.1676E+01 0.1243E+01 0.1102E+01 0.1249E+01 0.9207E+00 0.6889E+00 0.4820E+00 0.1254E+01 0.5305E+00 0.8694E+00 0.9360E+00 0.1033E+01 0.4848E+00 0.3279E+00 0.1121E+01 0.8192E+00 0.7734E+00 0.4086E+00 0.1194E+01 0.0000E+00
0.0000E+00 0.4708E+00 0.5201E+00 0.1011E+01 0.1720E+01 0.1025E+01 0.1104E+01 0.8894E+00 0.1063E+01 0.1058E+01 0.5261E+00 0.1008E+01 0.1038E+01 0.9513E+00 0.6445E+00 0.3170E+00 0.9754E+00 0.6955E+00 0.6564E+00 0.7340E+00 0.8653E+00 0.0000E+00
0.0000E+00 0.5967E+00 0.8191E+00 0.7629E+00 0.6026E+00 0.8550E+00 0.1105E+01 0.1307E+01 0.4840E+00 0.4631E+00 0.2962E+00 0.5707E+00 0.8287E+00 0.8398E+00 0.2894E+00 0.8802E+00 0.3473E+00 0.4844E+00 0.1163E+01 0.7227E+00 0.5105E+00 0.0000E+00
0.0000E+00 0.5790E+00 0.6783E+00 0.8752E+00 0.1210E+01 0.1286E+01 0.9156E+00 0.1361E+01 0.3847E+00 0.8280E+00 0.4225E+00 0.1055E+01 0.7152E+00 0.8546E+00 0.1215E+01 0.7890E+00 0.6675E+00 0.5787E+00 0.3211E+00 0.7303E+00 0.7942E+00 0.0000E+00
0.0000E+00 0.1132E+01 0.1126E+01 0.7918E+00 0.1235E+01 0.5176E+00 0.1051E+01 0.9969E+00 0.8416E+00 0.6796E+00 0.4265E+00 0.1114E+01 0.9826E+00 0.8692E+00 0.1032E+01 0.1215E+01 0.1019E+01 0.5135E+00 0.1227E+01 0.6207E+00 0.6804E+00 0.0000E+00
0.0000E+00 0.1838E+01 0.1654E+01 0.7964E+00 0.1123E+01 0.1073E+01 0.1131E+01 0.1221E+01 0.1112E+01 0.1072E+01 0.6270E+00 0.9257E+00 0.1196E+01 0.1586E+01 0.1624E+01 0.4935E+00 0.7237E+00 0.4292E+00 0.4899E+00 0.3481E+00 0.4777E+00 0.0000E+00
0.0000E+00 0.1310E+01 0.1455E+01 0.6278E+00 0.1064E+01 0.1176E+01 0.1449E+01 0.1342E+01 0.1490E+01 0.1582E+01 0.6319E+00 0.1113E+01 0.1378E+01 0.1682E+01 0.1311E+01 0.6739E+00 0.7851E+00 0.6052E+00 0.5876E+00 0.1152E+01 0.6366E+00 0.0000E+00
0.0000E+00 0.9995E+00 0.1140E+01 0.1191E+01 0.1175E+01 0.1052E+01 0.1444E+01 0.4221E+00 0.5680E+00 0.6851E+00 0.4466E+00 0.1072E+01 0.1601E+01 0.6724E+00 0.8561E+00 0.9397E+00 0.1195E+01 0.1215E+01 0.1328E+01 0.4744E+00 0.2692E+00 0.0000E+00
0.0000E+00 0.1125E+01 0.1276E+01 0.1185E+01 0.1265E+01 0.1121E+01 0.1299E+01 0.5078E+00 0.5228E+00 0.1023E+01 0.3963E+00 0.8687E+00 0.9242E+00 0.1256E+01 0.8636E+00 0.1214E+01 0.2389E+00 0.8790E+00 0.7040E+00 0.3279E+00 0.3914E+00 0.0000E+00
0.0000E+00 0.1255E+01 0.1149E+01 0.1032E+01 0.1306E+01 0.1378E+01 0.1592E+01 0.3170E+00 0.4391E+00 0.1408E+01 0.1726E+01 0.8301E+00 0.1154E+01 0.1003E+01 0.6167E+00 0.5307E+00 0.4153E+00 0.3144E+00 0.6843E+00 0.1149E+01 0.4896E+00 0.0000E+00
0.0000E+00 0.1091E+01 0.1462E+01 0.1413E+01 0.1136E+01 0.4925E+00 0.7075E+00 0.9121E+00 0.9185E+00 0.8221E+00 0.5006E+00 0.7268E+00 0.1038E+01 0.1212E+01 0.5881E+00 0.4822E+00 0.4199E+00 0.5124E+00 0.1066E+01 0.4727E+00 0.4138E+00 0.0000E+00
0.0000E+00 0.8803E+00 0.1591E+01 0.1218E+01 0.1074E+01 0.1030E+01 0.1048E+01 0.8252E+00 0.7959E+00 0.8111E+00 0.8515E+00 0.4884E+00 0.9177E+00 0.8006E+00 0.3961E+00 0.9186E+00 0.7600E+00 0.2973E+00 0.4298E+00 0.6779E+00 0.2497E+00 0.0000E+00
0.0000E+00 0.9286E+00 0.1387E+01 0.1029E+01 0.5675E+00 0.1096E+01 0.1089E+01 0.8941E+00 0.6367E+00 0.8687E+00 0.8646E+00 0.5852E+00 0.8947E+00 0.6127E+00 0.3688E+00 0.5285E+00 0.7459E+00 0.9189E+00 0.8771E+00 0.7613E+00 0.6586E+00 0.0000E+00
0.0000E+00 0.6044E+00 0.1229E+01 0.1115E+01 0.4649E+00 0.8887E+00 0.1153E+01 0.1242E+01 0.8016E+00 0.1138E+01 0.1145E+01 0.6321E+00 0.9068E+00 0.1031E+01 0.9667E+00 0.6398E+00 0.7088E+00 0.9473E+00 0.1132E+01 0.9632E+00 0.1276E+01 0.0000E+00
0.0000E+00 0.6318E+00 0.8557E+00 0.1147E+01 0.5429E+00 0.9375E+00 0.1284E+01 0.1494E+01 0.1226E+01 0.1272E+01 0.1097E+01 0.4676E+00 0.9817E+00 0.1328E+01 0.1305E+01 0.9983E+00 0.6770E+00 0.1175E+01 0.1163E+01 0.6635E+00 0.1302E+01 0.0000E+00
0.0000E+00 0.8831E+00 0.9961E+00 0.9457E+00 0.9801E+00 0.9252E+00 0.1345E+01 0.1628E+01 0.7200E+00 0.1127E+01 0.9280E+00 0.4023E+00 0.7538E+00 0.1268E+01 0.4350E+00 0.5295E+00 0.1575E+01 0.1654E+01 0.1102E+01 0.7614E+00 0.1078E+01 0.0000E+00
0.0000E+00 0.1031E+01 0.1181E+01 0.1023E+01 0.9936E+00 0.8596E+00 0.1149E+01 0.1165E+01 0.2387E+00 0.9263E+00 0.8769E+00 0.4328E+00 0.6318E+00 0.3710E+00 0.7337E+00 0.7659E+00 0.4191E+00 0.1079E+01 0.8624E+00 0.5833E+00 0.8955E+00 0.0000E+00
0.0000E+00 0.0000E+00 0.0000E+00 0.0000E+00 0.0000E+00 0.0000E+00 0.0000E+00 0.0000E+00 0.0000E+00 0.0000E+00 0.0000E+00 0.0000E+00 0.0000E+00 0.0000E+00 0.0000E+00 0.0000E+00 0.0000E+00 0.0000E+00 0.0000E+00 0.0000E+00 0.0000E+00 0.0000E+00
