MAHLERAN_FC/detac001.asc
ncols     22
nrows     62
xllcorner      0.00000000
yllcorner      0.00000000
cellsize      0.50000000
nodata_value -9999
0.0000E+00 0.0000E+00 0.0000E+00 0.0000E+00 0.0000E+00 0.0000E+00 0.0000E+00 0.0000E+00 0.0000E+00 0.0000E+00 0.0000E+00 0.0000E+00 0.0000E+00 0.0000E+00 0.0000E+00 0.0000E+00 0.0000E+00 0.0000E+00 0.0000E+00 0.0000E+00 0.0000E+00 0.0000E+00
0.0000E+00 0.1315E+01 0.7453E+00 0.1203E+01 0.1404E+01 0.5324E+00 0.1296E+01 0.1577E+01 0.8178E+00 0.1313E+01 0.6075E+00 0.8716E+00 0.1478E+01 0.1344E+01 0.1658E+01 0.1898E+01 0.1732E+01 0.1398E+01 0.1141E+01 0.7595E+00 0.1476E+01 0.0000E+00
0.0000E+00 0.1646E+01 0.1270E+01 0.1317E+01 0.1330E+01 0.9805E+00 0.4655E+00 0.1591E+01 0.8737E+00 0.1444E+01 0.1225E+01 0.1047E+01 0.1250E+01 0.1465E+01 0.1347E+01 0.1213E+01 0.1173E+01 0.1623E+01 0.1772E+01 0.5711E+00 0.6632E+00 0.0000E+00
0.0000E+00 0.1709E+01 0.1466E+01 0.2219E+01 0.9607E+00 0.1602E+01 0.1163E+01 0.5933E+00 0.2270E+00 0.1175E+01 0.6141E+00 0.2994E+00 0.9176E+00 0.6271E+00 0.7730E+00 0.4234E+00 0.1085E+01 0.6031E+00 0.5647E+00 0.9079E+00 0.7073E+00 0.0000E+00
0.0000E+00 0.1747E+01 0.1259E+01 0.1170E+01 0.1471E+00 0.1723E+01 0.4111E+00 0.3615E+00 0.8979E+00 0.9424E+00 0.1180E+01 0.1275E+01 0.1056E+01 0.1220E+01 0.1208E+01 0.1063E+01 0.4157E+00 0.3469E+00 0.4966E+00 0.3694E+00 0.7979E+00 0.0000E+00
0.0000E+00 0.1233E+01 0.7909E+00 0.8088E+00 0.1128E+01 0.8339E+00 0.2822E+00 0.4392E+00 0.1193E+01 0.1016E+01 0.6742E+00 0.3163E+00 0.9636E+00 0.1195E+01 0.7494E+00 0.3858E+00 0.1113E+01 0.2793E+00 0.5371E+00 0.1796E+01 0.1600E+01 0.0000E+00
0.0000E+00 0.7334E+00 0.8907E+00 0.1493E+01 0.1329E+01 0.1077E+01 0.1123E+01 0.1186E+01 0.1342E+01 0.9705E+00 0.1146E+01 0.4914E+00 0.6183E+00 0.9587E+00 0.1137E+01 0.4548E+00 0.4199E+00 0.5964E+00 0.6032E+00 0.1326E+01 0.4712E+00 0.0000E+00
0.0000E+00 0.8285E+00 0.8779E+00 0.5435E+00 0.3839E+00 0.5882E+00 0.1525E+01 0.1172E+01 0.1005E+01 0.1023E+01 0.5120E+00 0.1503E+01 0.6472E+00 0.9572E+00 0.1168E+01 0.4424E+00 0.4613E+00 0.5839E+00 0.3687E+00 0.1317E+00 0.1326E+00 0.0000E+00
0.0000E+00 0.1385E+01 0.7016E+00 0.3108E+00 0.1549E+01 0.1312E+01 0.1435E+01 0.1422E+00 0.4169E+00 0.7947E+00 0.5161E+00 0.7151E+00 0.8781E+00 0.1393E+01 0.1161E+01 0.7181E+00 0.2789E+00 0.4527E+00 0.4329E+00 0.1313E+01 0.1606E+01 0.0000E+00
0.0000E+00 0.1347E+01 0.1094E+01 0.1497E+01 0.1301E+01 0.6556E+00 0.3322E+00 0.6678E+00 0.5156E+00 0.1719E+01 0.1389E+01 0.4449E+00 0.7384E+00 0.8872E-01 0.3659E+00 0.1049E+01 0.1211E+01 0.7313E+00 0.1186E+01 0.5714E+00 0.1693E+01 0.0000E+00
0.0000E+00 0.3724E+00 0.7160E+00 0.1296E+01 0.1059E+01 0.7967E+00 0.9589E+00 0.1098E+01 0.5494E+00 0.9326E+00 0.9860E+00 0.1080E+01 0.5542E+00 0.6801E+00 0.7679E+00 0.7488E+00 0.7365E+00 0.2887E+00 0.8290E+00 0.3717E+00 0.6141E+00 0.0000E+00
0.0000E+00 0.1127E+01 0.8525E+00 0.1145E+01 0.7473E+00 0.6571E+00 0.2765E+00 0.8969E+00 0.2904E+00 0.1281E+01 0.9138E+00 0.5665E+00 0.3505E+00 0.3809E+00 0.1404E+01 0.1194E+01 0.1125E+01 0.5459E+00 0.1291E+01 0.6236E+00 0.1165E+01 0.0000E+00
0.0000E+00 0.6424E+00 0.7981E+00 0.1176E+01 0.1128E+01 0.1262E+01 0.7865E+00 0.1945E+00 0.3807E+00 0.2772E+00 0.9744E+00 0.6236E+00 0.1856E+00 0.6691E-01 0.4130E+00 0.1187E+01 0.1060E+01 0.6868E+00 0.8816E+00 0.5157E+00 0.7531E+00 0.0000E+00
0.0000E+00 0.9380E+00 0.7785E+00 0.1202E+01 0.1344E+01 0.1774E+01 0.1589E+01 0.1262E+01 0.4655E+00 0.7111E+00 0.7001E+00 0.8225E+00 0.4200E+00 0.4380E+00 0.1961E+00 0.4846E+00 0.5847E+00 0.2314E+00 0.6154E+00 0.3637E+00 0.5887E+00 0.0000E+00
0.0000E+00 0.5747E+00 0.5386E+00 0.9889E+00 0.8698E+00 0.9001E+00 0.1773E+01 0.1752E+01 0.2687E+00 0.9282E+00 0.9467E+00 0.2054E+01 0.1243E+01 0.1844E+01 0.1832E+01 0.3085E+00 0.7340E+00 0.5601E+00 0.7461E+00 0.5152E+00 0.5929E+00 0.0000E+00
0.0000E+00 0.1377E+01 0.4575E+00 0.1070E+01 0.9065E+00 0.1352E+01 0.3750E+00 0.2745E+00 0.4259E+00 0.7790E+00 0.5794E+00 0.3910E+00 0.4186E+00 0.2241E+01 0.2050E+01 0.3615E+00 0.2039E+00 0.4904E+00 0.8695E+00 0.1470E+01 0.7834E+00 0.0000E+00
0.0000E+00 0.1243E+01 0.7335E+00 0.1108E+01 0.1081E+01 0.1127E+01 0.2319E+00 0.1202E+01 0.7386E+00 0.1269E+01 0.6830E+00 0.4504E+00 0.3776E+00 0.2976E+00 0.5774E+00 0.2605E+00 0.2291E+00 0.6097E+00 0.7876E+00 0.8860E+00 0.4393E+00 0.0000E+00
0.0000E+00 0.2408E+00 0.4472E+00 0.2903E+00 0.7024E+00 0.6336E+00 0.9706E+00 0.7885E+00 0.1811E+00 0.9202E+00 0.5115E+00 0.9207E+00 0.1836E+01 0.1508E+01 0.1375E+01 0.1506E+01 0.5480E+00 0.5581E+00 0.6724E+00 0.8680E+00 0.1667E+01 0.0000E+00
0.0000E+00 0.9582E+00 0.1619E+01 0.3790E+00 0.6616E+00 0.9504E+00 0.1722E+01 0.1421E+01 0.3801E+00 0.7858E+00 0.3438E+00 0.2089E+01 0.2274E+01 0.4882E+00 0.4374E+00 0.1275E+01 0.4163E+00 0.6151E+00 0.5709E+00 0.6112E+00 0.6972E+00 0.0000E+00
0.0000E+00 0.1412E+01 0.1760E+01 0.4312E+00 0.6364E+00 0.4592E+00 0.4199E+00 0.3685E+00 0.6874E+00 0.9140E+00 0.7491E+00 0.9750E+00 0.1982E+01 0.5978E+00 0.4975E+00 0.3107E+00 0.1725E+00 0.1653E+00 0.2683E+00 0.7474E+00 0.7710E+00 0.0000E+00
0.0000E+00 0.8598E+00 0.1178E+01 0.6174E+00 0.4581E+00 0.2679E+00 0.6508E+00 0.4879E+00 0.2391E+00 0.8490E+00 0.5014E+00 0.2020E+01 0.5273E+00 0.5526E+00 0.8460E+00 0.2586E+00 0.2729E+00 0.4112E+00 0.4910E+00 0.9858E+00 0.9595E+00 0.0000E+00
0.0000E+00 0.1053E+01 0.4216E+00 0.2017E+00 0.4241E+00 0.3805E+00 0.3306E+00 0.1091E+01 0.3101E+00 0.2838E+00 0.5535E+00 0.1035E+01 0.3428E+00 0.4041E+00 0.1535E+01 0.2859E+00 0.3977E+00 0.1763E+01 0.3579E+00 0.9454E+00 0.7799E+00 0.0000E+00
0.0000E+00 0.9100E+00 0.1028E+01 0.3136E+00 0.1955E+01 0.5951E+00 0.1296E+01 0.1219E+01 0.1060E+01 0.3188E+00 0.4646E+00 0.9771E+00 0.7711E+00 0.1017E+01 0.1220E+01 0.1044E+01 0.1690E+00 0.4193E+00 0.4506E+00 0.9533E+00 0.1010E+01 0.0000E+00
0.0000E+00 0.8223E+00 0.1018E+01 0.4652E+00 0.6742E+00 0.5729E+00 0.2010E+01 0.2757E+00 0.2470E+00 0.2995E+00 0.4627E+00 0.8783E+00 0.1083E+01 0.9979E+00 0.1453E+01 0.3471E+00 0.3878E+00 0.1417E+01 0.1386E+01 0.1182E+01 0.1304E+01 0.0000E+00
0.0000E+00 0.1027E+01 0.7586E+00 0.2879E+00 0.3385E+00 0.5362E+00 0.3051E+00 0.3269E+00 0.9257E+00 0.2484E+00 0.3404E+00 0.1756E+00 0.2802E+00 0.8338E+00 0.1252E+01 0.8785E+00 0.5427E+00 0.1079E+01 0.1242E+01 0.3235E+00 0.5793E+00 0.0000E+00
0.0000E+00 0.1806E+00 0.8855E+00 0.3097E+00 0.3132E+00 0.1216E+00 0.1794E+00 0.9827E+00 0.9326E+00 0.3424E+00 0.1261E+01 0.4115E+00 0.1534E+00 0.6725E+00 0.8274E+00 0.7254E+00 0.2834E+00 0.1297E+01 0.7031E+00 0.6523E+00 0.7219E+00 0.0000E+00
0.0000E+00 0.6129E+00 0.6080E+00 0.1380E+01 0.1849E+01 0.1271E+01 0.4169E+00 0.1379E+01 0.1645E+01 0.5307E+00 0.1920E+01 0.1655E+01 0.1237E+00 0.3843E+00 0.2665E+00 0.7514E+00 0.2936E+00 0.1443E+01 0.1381E+01 0.1387E+01 0.1192E+01 0.0000E+00
0.0000E+00 0.9129E+00 0.2292E+00 0.9737E+00 0.1654E+01 0.1691E+01 0.5575E+00 0.3550E+00 0.5026E+00 0.4372E+00 0.1023E+01 0.1217E+01 0.2117E+01 0.2215E+01 0.2125E+00 0.1055E+01 0.4721E+00 0.1079E+01 0.8165E+00 0.7982E+00 0.6009E+00 0.0000E+00
0.0000E+00 0.1209E+01 0.1235E+01 0.1016E+01 0.1353E+01 0.3757E+00 0.1507E+00 0.8734E+00 0.7235E+00 0.1794E+00 0.8838E+00 0.1184E+01 0.9869E+00 0.1126E+01 0.3841E+00 0.8453E+00 0.5174E+00 0.1284E+01 0.1073E+01 0.3088E+00 0.9907E+00 0.0000E+00
0.0000E+00 0.6781E+00 0.4216E+00 0.7879E+00 0.1371E+01 0.3118E+00 0.1732E+01 0.2688E+00 0.1797E+00 0.2330E+00 0.5387E+00 0.1247E+01 0.6350E+00 0.4695E+00 0.5492E+00 0.5673E+00 0.3250E+00 0.1079E+01 0.8398E+00 0.2165E+00 0.3156E+00 0.0000E+00
0.0000E+00 0.9212E+00 0.6491E+00 0.8051E+00 0.4663E+00 0.5135E+00 0.1858E+01 0.8165E+00 0.8603E+00 0.2230E+01 0.2072E+00 0.4547E+00 0.7024E+00 0.3721E+00 0.4026E+00 0.7409E+00 0.3410E+00 0.7740E+00 0.8574E-01 0.6368E+00 0.4286E+00 0.0000E+00
0.0000E+00 0.8667E+00 0.8517E+00 0.4459E+00 0.1015E+01 0.3679E+00 0.7686E+00 0.4102E+00 0.7613E+00 0.1090E+01 0.2050E+00 0.1319E+01 0.7357E+00 0.9213E-01 0.3954E+00 0.8925E+00 0.3824E+00 0.7799E+00 0.5041E+00 0.2103E+01 0.9914E+00 0.0000E+00
0.0000E+00 0.9689E+00 0.9872E+00 0.4044E+00 0.6540E+00 0.5098E+00 0.2140E+01 0.1267E+01 0.1759E+00 0.1834E+00 0.5602E+00 0.2031E+01 0.1104E+01 0.4157E+00 0.1267E+01 0.1923E+00 0.4295E+00 0.8327E+00 0.7314E+00 0.1430E+01 0.9568E+00 0.0000E+00
0.0000E+00 0.1027E+01 0.3505E+00 0.2025E+00 0.8360E+00 0.4602E+00 0.4000E+00 0.1036E+01 0.1292E+01 0.4563E+00 0.4075E+00 0.5073E+00 0.3884E+00 0.7017E+00 0.1863E+01 0.2538E+00 0.2175E+00 0.3830E+00 0.2227E+00 0.1995E+00 0.1595E+00 0.0000E+00
0.0000E+00 0.1013E+01 0.1101E+01 0.1383E+01 0.1326E+01 0.4781E+00 0.1135E+01 0.1831E+01 0.1879E+01 0.8707E+00 0.2843E+00 0.1048E+01 0.5904E+00 0.2118E+00 0.1479E+01 0.3215E+00 0.1487E+01 0.1367E+01 0.1590E+01 0.1374E+01 0.5058E+00 0.0000E+00
0.0000E+00 0.1130E+01 0.1149E+01 0.1045E+01 0.2523E+00 0.4534E+00 0.1279E+01 0.1117E+01 0.4746E+00 0.5481E+00 0.5543E+00 0.1330E+01 0.4274E+00 0.2066E+00 0.1612E+00 0.4543E+00 0.2005E+01 0.1654E+01 0.2042E+01 0.1706E+01 0.7073E+00 0.0000E+00
0.0000E+00 0.4440E+00 0.1454E+00 0.8549E+00 0.2433E+00 0.3688E+00 0.9931E+00 0.1233E+01 0.5517E+00 0.4329E+00 0.2916E+00 0.1702E+01 0.1105E+01 0.2418E+00 0.3252E+00 0.1623E+01 0.5409E+00 0.6225E+00 0.5563E+00 0.3164E+00 0.1739E+00 0.0000E+00
0.0000E+00 0.7307E+00 0.1298E+01 0.1394E+01 0.1085E+01 0.4380E+00 0.1175E+01 0.1346E+01 0.9307E+00 0.1807E+01 0.4893E+00 0.1258E+01 0.6023E+00 0.3989E+00 0.3537E+00 0.1895E+01 0.1002E+01 0.4696E+00 0.4864E+00 0.9116E+00 0.4017E+00 0.0000E+00
0.0000E+00 0.1096E+01 0.6171E+00 0.8535E+00 0.1710E+01 0.8195E+00 0.1628E+01 0.1532E+01 0.1020E+01 0.1540E+01 0.5682E+00 0.1166E+01 0.1129E+01 0.2730E+00 0.3380E+00 0.1375E+01 0.7675E+00 0.1246E+01 0.6701E+00 0.5004E+00 0.3945E+00 0.0000E+00
0.0000E+00 0.7045E+00 0.4186E+00 0.4439E+00 0.1038E+01 0.3234E+00 0.1045E+01 0.6172E+00 0.5962E+00 0.4267E+00 0.2334E+00 0.1617E+01 0.4287E+00 0.1678E+01 0.2694E+00 0.5268E+00 0.9631E+00 0.5074E+00 0.6669E+00 0.1496E+00 0.1480E+00 0.0000E+00
0.0000E+00 0.4979E+00 0.2691E+00 0.1236E+01 0.2906E+00 0.3441E+00 0.6231E+00 0.6963E+00 0.4473E+00 0.1248E+01 0.1908E+00 0.6136E+00 0.4014E+00 0.4855E+00 0.1689E+00 0.1202E+00 0.2414E+00 0.1130E+01 0.1798E+01 0.1881E+00 0.1797E+00 0.0000E+00
0.0000E+00 0.3701E+00 0.3046E+00 0.1226E+01 0.5013E+00 0.2009E+01 0.2201E+01 0.1394E+01 0.1808E+00 0.1643E+01 0.5525E+00 0.8968E+00 0.5805E+00 0.6351E+00 0.1559E+01 0.1661E+01 0.2864E+00 0.3903E+00 0.1856E+01 0.7874E+00 0.1560E+01 0.0000E+00
0.0000E+00 0.1292E+01 0.2970E+00 0.3894E+00 0.4422E+00 0.1949E+01 0.4957E+00 0.1132E+01 0.5518E+00 0.8250E+00 0.8171E+00 0.1172E+01 0.1532E+01 0.1246E+01 0.1672E+01 0.2428E+01 0.3712E+00 0.9735E+00 0.1307E+01 0.8199E+00 0.2345E+01 0.0000E+00
0.0000E+00 0.1920E+01 0.1619E+01 0.6655E+00 0.1667E+00 0.2138E+00 0.3083E+00 0.2051E+01 0.7741E+00 0.9299E+00 0.2610E+00 0.8460E+00 0.1295E+01 0.1331E+01 0.1480E+01 0.4022E+00 0.3258E+00 0.2493E+00 0.1506E+01 0.2208E+00 0.1409E+01 0.0000E+00
0.0000E+00 0.6147E+00 0.2383E+01 0.1005E+01 0.1542E+01 0.1836E+01 0.3843E+00 0.1994E+00 0.1769E+00 0.1766E+01 0.4281E+00 0.9263E+00 0.1025E+01 0.1066E+01 0.4525E+00 0.4287E+00 0.1553E+01 0.2343E+00 0.6348E+00 0.3449E+00 0.1353E+01 0.0000E+00
0.0000E+00 0.4452E+00 0.3994E+00 0.8291E+00 0.2478E+01 0.1449E+01 0.3074E+00 0.4573E+00 0.1488E+01 0.1270E+01 0.5527E+00 0.1177E+01 0.1213E+01 0.9360E+00 0.7708E+00 0.3839E+00 0.1352E+01 0.3662E+00 0.4556E+00 0.4239E+00 0.7768E+00 0.0000E+00
0.0000E+00 0.5848E+00 0.9385E+00 0.5188E+00 0.4916E+00 0.1056E+01 0.3103E+00 0.1918E+01 0.6484E+00 0.2567E+00 0.1980E+00 0.3742E+00 0.8142E+00 0.7785E+00 0.1832E+00 0.1149E+01 0.2918E+00 0.2747E+00 0.1606E+01 0.2747E+00 0.2876E+00 0.0000E+00
0.0000E+00 0.5586E+00 0.4358E+00 0.4439E+00 0.1612E+01 0.1743E+01 0.3940E+00 0.2018E+01 0.5092E+00 0.9707E+00 0.4028E+00 0.8630E+00 0.6728E+00 0.8431E+00 0.1691E+01 0.5078E+00 0.3706E+00 0.4299E+00 0.4199E+00 0.5670E+00 0.8468E+00 0.0000E+00
0.0000E+00 0.1559E+01 0.1556E+01 0.5406E+00 0.1506E+01 0.3163E+00 0.2529E+00 0.8219E+00 0.9175E+00 0.6041E+00 0.4227E+00 0.5334E+00 0.1120E+01 0.9035E+00 0.1377E+01 0.1691E+01 0.1252E+01 0.3816E+00 0.1812E+01 0.4653E+00 0.6424E+00 0.0000E+00
0.0000E+00 0.2515E+01 0.2247E+01 0.6904E+00 0.1243E+01 0.3323E+00 0.3278E+00 0.1600E+01 0.1518E+01 0.1465E+01 0.5152E+00 0.5116E+00 0.1706E+01 0.2255E+01 0.2224E+01 0.4261E+00 0.6801E+00 0.2764E+00 0.1357E+00 0.1790E+00 0.2806E+00 0.0000E+00
0.0000E+00 0.1501E+01 0.1776E+01 0.4957E+00 0.1142E+01 0.3347E+00 0.1923E+01 0.1933E+01 0.2113E+01 0.2253E+01 0.6792E+00 0.1030E+01 0.1805E+01 0.2180E+01 0.1529E+01 0.1751E+00 0.2343E+00 0.1533E+00 0.1471E+00 0.1627E+01 0.6894E+00 0.0000E+00
0.0000E+00 0.9863E+00 0.1179E+01 0.3118E+00 0.2772E+00 0.1875E+00 0.2101E+01 0.5480E+00 0.4778E+00 0.6403E+00 0.3486E+00 0.9875E+00 0.2051E+01 0.4724E+00 0.1609E+00 0.5409E+00 0.1652E+01 0.1743E+01 0.1903E+01 0.6160E+00 0.8648E-01 0.0000E+00
0.0000E+00 0.1263E+01 0.2741E+00 0.2171E+00 0.1667E+01 0.1580E+01 0.1871E+01 0.6447E+00 0.5310E+00 0.1272E+01 0.4072E+00 0.4277E+00 0.8348E+00 0.1607E+01 0.4883E+00 0.1789E+01 0.3094E+00 0.9430E+00 0.3333E+00 0.4287E+00 0.3055E+00 0.0000E+00
0.0000E+00 0.3652E+00 0.3267E+00 0.1409E+01 0.1894E+01 0.1963E+01 0.2142E+01 0.3342E+00 0.4377E+00 0.1831E+01 0.2459E+01 0.5619E+00 0.1359E+01 0.1024E+01 0.3542E+00 0.4530E+00 0.5396E+00 0.4111E+00 0.5668E+00 0.1603E+01 0.5427E+00 0.0000E+00
0.0000E+00 0.5343E+00 0.2075E+01 0.2018E+01 0.1398E+01 0.4190E+00 0.5515E+00 0.1305E+01 0.1251E+01 0.7546E+00 0.3478E+00 0.4685E+00 0.1102E+01 0.1447E+01 0.4077E+00 0.4880E+00 0.5114E+00 0.6751E+00 0.1334E+01 0.4350E+00 0.4009E+00 0.0000E+00
0.0000E+00 0.4432E+00 0.2076E+01 0.1495E+01 0.1249E+01 0.1383E+01 0.1273E+01 0.9509E+00 0.8549E+00 0.7860E+00 0.1001E+01 0.2363E+00 0.9109E+00 0.6877E+00 0.2087E+00 0.1239E+01 0.1058E+01 0.3298E+00 0.1856E+00 0.8264E+00 0.1665E+00 0.0000E+00
0.0000E+00 0.6619E+00 0.1631E+01 0.1176E+01 0.3902E+00 0.1371E+01 0.7115E+00 0.7340E+00 0.5417E+00 0.9258E+00 0.9821E+00 0.3962E+00 0.3003E+00 0.1466E+00 0.1515E+00 0.3487E+00 0.3715E+00 0.9643E+00 0.1058E+01 0.6411E+00 0.8357E+00 0.0000E+00
0.0000E+00 0.3235E+00 0.1344E+01 0.1325E+01 0.3729E+00 0.9375E+00 0.7493E+00 0.1808E+01 0.1036E+01 0.1247E+01 0.1488E+01 0.5271E+00 0.2299E+00 0.1316E+01 0.1334E+01 0.6880E+00 0.2838E+00 0.1320E+01 0.1559E+01 0.1124E+01 0.1829E+01 0.0000E+00
0.0000E+00 0.2085E+00 0.1923E+00 0.2581E+00 0.4770E+00 0.1062E+01 0.8822E+00 0.2205E+01 0.1750E+01 0.1202E+01 0.1309E+01 0.3158E+00 0.4182E+00 0.1883E+01 0.1839E+01 0.8041E+00 0.2042E+00 0.1641E+01 0.1477E+01 0.1341E+00 0.1655E+01 0.0000E+00
0.0000E+00 0.1138E+01 0.1322E+01 0.2433E+00 0.1373E+01 0.1011E+01 0.8800E+00 0.2386E+01 0.9842E+00 0.9577E+00 0.9616E+00 0.2697E+00 0.3744E+00 0.1773E+01 0.3296E+00 0.1941E+00 0.2250E+01 0.2356E+01 0.1289E+01 0.2894E+00 0.1468E+01 0.0000E+00
0.0000E+00 0.1398E+01 0.1510E+01 0.3046E+00 0.1225E+01 0.8793E+00 0.5542E+00 0.1690E+01 0.3094E+00 0.7165E+00 0.8876E+00 0.3162E+00 0.3435E+00 0.2407E+00 0.8782E+00 0.2326E+00 0.2507E+00 0.1200E+01 0.8644E+00 0.2884E+00 0.1193E+01 0.0000E+00
0.0000E+00 0.0000E+00 0.0000E+00 0.0000E+00 0.0000E+00 0.0000E+00 0.0000E+00 0.0000E+00 0.0000E+00 0.0000E+00 0.0000E+00 0.0000E+00 0.0000E+00 0.0000E+00 0.0000E+00 0.0000E+00 0.0000E+00 0.0000E+00 0.0000E+00 0.0000E+00 0.0000E+00 0.0000E+00
